737997591130228844818450290529940103755686
164448543676998070140001206581445993315
0343543106097543661768858844
67073327214770029
494923028261717986774369596909878103
610616745433681139301712652409918
622441662850155880374
404596139239660817182941907546329329341230
2214133551427950292222
71405886
93
66540874182613144425809084290609281557003
251448437551956946121130627
1787062308937995422346
7540044379807628571282940

5757755289540335668400488284296745306705830565
814055369239495128483567656096556455082
3274247122017062755189
10976829877354891799576092307
13
0506571585615356868885748816132
2
0934929980039295557316543684784681398305503069548
7098970759580429616
642397784832992525504310
222360202001935006889831587196673968119947371
464372928142133111
680697746251361580273456884309852754083
6204279251061977
89550141430405573908753080525
14640142744492276213884657849295978936336348404
9510
043146053461499836622997
246378
785014974552776255931898236048957068653061
91523993069914
76586
406667284990768168539753160
97637400532941879492679892
806151353991609502841698904
605471711196939358300502964280
0878593893713911326317922317457222235688908
45144194428936615186240390333425705482469
63956489181583825264466343391
225107171826
6594313396
0296463203191360541531372
699662834926101214858375008054334908590
69223360502550408236936038326609017945

5519476061698341211
1759900789712474944784497749682688
3758175772354272
0809728
76134885714324209203227
0821542161867163595082801931414894250
62685996065439269588066
0597131715969
2495513440450
61075
1431548010534842610887232175448627108326387492535
1959820757890
716814466040985173991665609992360310475149517320
97410
9355141530295
2433260247332929115730210297683581346966
51583
8499
9926414849189452146695048
35951942016272147241249354073977444031588171
4005983660916411
8287649276091618923474992060607590
18995614350290372266138
917686328424611083822705788874791891587898489
0816774135267881853204220898
837742463514677105515020205651364810762
377834643
903281
8546
87567231720071147366607034
3669511766162117552981988
993650545767676098198783638179970400714690394
8986679631979728937414318285622533118625789
521211515221267688166190417410188
14387883451622422569552500056
751109506995015762848067579330681098435030077267
56578793970983
626163294713456859389033310018
53863531835587376127736597092
5904
1264663127741174855986515337465109
3235643992592304734770414273508454211
3034577006552346645626773196051
880773397
46507472210
2284387400106073337492723105062473
22420511240663216971770470012427881915057608
41427652118828
4916590899
3053284125838251
0067568188927070891969513635022858614830355575285
3839176595527638131367150462535985661620
939124526051920242561788687258
407249174760343932884
3737
1511748
46
399039585759517
6717923867644875702820604359785675058396156695
8783313464921609688953084960
431339595658696238636834526878225618042
01098557304034
30684799389445
646591998805823049559
4930129952103733878981083314920096787821
74403182256766331137369661317
757545254106849849993886203750136845

729423488498041265896168733536466187808700
6829
40127626918647081
149461381360
4212040492752972383018717962164186404279954361207
48328128062055416414112031707181595342012252243
5
367668526289061530396162557878780
88839624379208081
8464579611100604531232015
83079547858177838687218747294773084490904160
3772146995708812591071588
641961307174401305289
77671117540073765503608693666565
932544145861518814556218312522521700
4054900449899443257
58551065686967000
68
52071362258101357804251773586871516485
73804357894059310
76486730668154960436206008400693764172443857418

7722021296845565757
451912351

7310473128938786360
219805318964211026236866
736754688
70007562117259907656914645742453965695129309447
349600384969081684360111137
9178178871069811773545
591052906505050409801674268295738832833
530313990374787680272909207207191779696282
134937268635209737384417313240801393213
3457253164377844515077982908464951623156448860
3718020285763516656399598525588301861913613974828
3791028112204283225943932
6922851288457150299369125839937305716712749813
2056837131623720541658122577703253
615228010067856831494997800072220902
3486850594
44608490826314902
876
314674023
601741573836173811268558524106068482651202545
1571594953607940606830056
0097730614
5175030856010989711415836
2742745599450597163757760860308377849071844997562
8079845849702231784935821245687
37026360843522541996774702971136194
77026532496219265509212653504
92921440550934
0573957558553033308045896712615
71514123132013422959275146259369873
29841151472446065
961584493483974268589941153962512849
7
15265572
6309873053363635571963568
5903094074
6280453188971206050128924551040278703958489
7362722527420646122967128593020094395988829967687
03178262786022724431973603104643
20904367670136730563292043877948205125778291
065772797795614015430
591666660765338596
817546680599302399940
9694880680069
199650944593637902920834721639647796590
96738338364678080666164
6422697848700193256100350459334
70312893306961992892919893299724599167
95234178706
21687631729150942
22660430635910514118181763910088971569
4562409111537329528564042297968
4060299703725427163612873867334
45332962513371137502402684742

37297073160881326909293
021798025
994189650347701230756265036
45870329978394127396
314771677828680962489303110488587
0819
58539982004284078492305
121842393262135868344
4017221997131651069031065491826
3886019
2501330736320074546811712329350065
58244851682640543675918080886231911534630398
0596586168756790158309
7310238637497589
09176428683300274214885
952795357505341565785655292
99840957665131699186219
4742067426925651995071638920611270789002569427
78580869369759268247
38593616433321431500
672747684820082498777975075841239143420295127360
26253522115220746055097234
77845
788173886742803586738700
767366729074593224549346
47552194285708804990958918
773936514
4075632431898572138954155821383075911990882596225
225436169363834602028651
687002965484491150493011
4389
7032685930107736474373738
51606852310182185347731199451623227791008
02650169260677865325255069731256116912094272848
55466263086803152
10591596714730999982839
401
01089093801132076813045568721892695
086254435151383689
2089033659017302104044105
27365485974706954535177568493889474
2996030362235
3603328394479358474
30999102124108261683769001624991811189108789
42579284812878618682380169669972978413335058
98138151808478867696
379883570912162
9459956354300288934074161462429749
7490
79317
0940283218
32476557980971698983453
4013764
9
073044697347956345002
372181
8449852369012424835
91994633894497349836034810854259410109840626
082236050977197570865655434
10050514648282031537297188006199427183
52335
29182246524067
4323029550453156688925000663336367784203612109
918337082470338062699122186
776900902657976425
07644900832530068985129322485620
84213933729911
73855974931685744165
86964801846298
64423430241164011555991811681712342390690772
3469572
46795714721911195139597685802919015378119
3336349919048973215761717910185312261501438
50502350101055194905729
8979928156517546
8844492241160241773
0577417257114929207515033589215271025095465930
693786318285190933507
913790115880010567356180
31404944112331695841307568177049508253755464
3201821446
42952706363702313004561998
467039405
3529319920304573458788978
060983676177367146130447088346175618715313532
17
0284713
742412
60830633785285386892626945593598
72758
565980850413660713021300932978576485
4533180
2618555525911296700710020067931618347015562155495
26862591826900
70197702454338286596240098670
042734096305164344853
86019476184661363031397308
353569
3665
74920236342034431
886495119424425341868463865363766162384318640886
8076751753778553120441134934719166580130273314
9
5997
469913
03170413356026716679
785713081
71262580786
92719200639110582440356220021769
6191417158429359
5782062557275069866429074985230112544747056
793225
79576394285496586871272154140
05036405616148062769
66038791794190881
7
62262277724198301788064821452428506880
4449577698623402115222251755446928
30060446
714014778054169304532996515805852
83567028209029972772810954341353026808481324

6519555830983289267138083476
4378400789
30747234755961903568101361437128405
0411317452303962727242466934688770868
89837498362259742407606912036067
1772539652793659603995760985337299337
2343554469788523956097397001756311269139
831093766523098029761875255440415583347
45759224742516650724317439874305569
6914848100289633001546195
964088910000332794602878991917521542838
989908364685966913085810156454256778203057580836
4105639646230327389353
194935787116398816585233660800260977
64342779630964154132725605703
9096630582794038481087277724874723375025719
499267981821
882155446916346
31
5938599795428493972561
99726895938200282949310619845436486594
78068143833
1551276722833981801593456
802826489983898622564621259750826
5438725486821097392909091596705817
33593884398815183243753672226471487
4116598280016
25143623065584621
428489440028
141971414497
9172979037462237808670637424379
555001002
003968947584906851421

17157857389005284033793557516322489347578660
15638253172916697
1
4365988121973215703986775985209700
633534681219708528142801614942785731
073339045217444975981104451213036007972774256780
38964
68104956168994937530774777476961907
034418991643668323386296964
57975899655913457915290335185566271964032311736
7811060
11618375056328
54852
02678683981526200777515286641736089631759166
495849860553934089330888
39507823606546750379658323929097
932031070857755524911534211458185691
428017625176994001
620064462972717655975
354635720365
34889795893009526
013378724651426841712497790263191220
9799325591700724152
2460063845494078890688396869976258272714775203
5751398339002085701027995265174908022212802
8302461572914606582830089066424901
430408017225376720374976060974187937265927526
603047730856960747019
26189964789611861956815787264141275410
7554613835874897101945280351410537756560778
7275145035503709409055542777646110644
63924874110139461457
629151328082023
333817
7663812469791
38658071645
45031849374319270250015628
9882159077
02987896016532829820
470989716108321548915822015665641
505790987341598041551188482680586550345688742

2377
3564342807
89299007118632859
30147948597021956440387196861857069482507
15982194402
549914727019199440836
905290462142938
962787655860738272608772001378188205586247
555441567483141697291590729
974219
2258260396908966718337670995579779
33077018053709562198293629058769
3197877829559708370352025961218
101424
8
191108255463315109941879765503326444
72400805628127949499522432117685036159
71609704222103370495284387
9768037933903201562460067865334863
91344755427749106368948286015218212191
562191022
1776980677353163
0780
4154703
5
7098169214827968228950996013759375814699
663248551157478038613317042449720
179701018969291059871405749076619792037551844
388085237148942654003473953451049043
644835699008481183119000843447859
02299950330716743316269579547825494674055666
808806171440299092082251919675460301222697463078
61272233418353592970802852197780
35589
93638545130834354256
7866408628459
627481841862463228780814169310747986359308369
67962558419582372717402426525112284063
0759206739749190471948009
898824881238381741675779459447
770900238001510700
9678749509278920337324028
2
0808080153239915984456434
14985096
077496427055807873229559193463840264
91745479454088532205601911663098697935
4827108
752741277680616253673551
3816275907220175842587320545106338
47163
001811408733904212248
0537
